32
10101010101010101010101000001010
01010101010101010101010100000101
10101010101010101010101000001010
01010101010101010101010100000101
10101010101010101010101010101010
01010101010101010101010101010101
10101010101010101010101010101010
01010101010101010101010101010101
10101010101010101010101010101010
01010101010101010101010101010101
10101010101010101010101010101010
01010101010101010101010101010101
10101010101010101010101010101010
01010101010101010101010101010101
10101010101010101010101010101010
01010101010101010101010101010101
10101010101010101010101010101010
01010101010101010101010101010101
10101010101010101010101010101010
01010101010101010101010101010101
10101010101010101010101010101010
01010101010101010101010101010101
10101010101010101010101010101010
01010101010101010101010101010101
10101010101010101010101010101010
01010101010101010101010101010101
10101010101010101010101010101010
01010101010101010101010101010101
10101010101010101010101010100000
01010101010101010101010101010000
10101010101010101010101010100000
01010101010101010101010101010000